19 45 25 16 12 2022 - 0            
19 46 8 16 12 2022 - 0             
19 47 7 16 12 2022 - 0             
19 47 46 16 12 2022 - 0            
19 54 46 16 12 2022 - 0            
19 55 42 16 12 2022 - 0            
19 57 3 16 12 2022 - 0             
19 58 39 16 12 2022 - 0            
20 0 41 16 12 2022 - 0             
20 1 1 16 12 2022 - 0              
20 1 49 16 12 2022 - 2             
20 2 16 16 12 2022 - 0             
20 2 54 16 12 2022 - 0             
20 4 42 16 12 2022 - 0             
20 12 36 16 12 2022 - 0            
20 12 41 16 12 2022 - 0            
20 16 10 16 12 2022 - 0            
20 17 6 16 12 2022 - 0             
20 17 22 16 12 2022 - 0            
20 19 57 16 12 2022 - 0            
20 20 23 16 12 2022 - 0            
20 25 11 16 12 2022 - 0            
20 25 28 16 12 2022 - 0            
20 27 31 16 12 2022 - 0            
16 39 36 17 12 2022 - 0           
16 43 56 17 12 2022 - 0           
17 15 49 17 12 2022 - 0           
17 23 50 17 12 2022 - 0            
17 24 43 17 12 2022 - 3            
17 31 38 17 12 2022 - 27           
0 4 44 20 12 2022 - 1000             
0 5 55 20 12 2022 - 6              
0 6 23 20 12 2022 - 3              
21 12 33 8 3 2023 - 0              
21 13 28 8 3 2023 - 2              
21 13 52 8 3 2023 - 5              
